1
1
1
1
1
2
2
2
2
2
4
4
4
4
4
6
6
6
6
6
9
9
9
9
9
13
13
13
13
13
18
18
18
18
18
24
24
24
24
24
31
31
31
31
31
39
39
39
39
39
50
1	1	1	1	1	1	1	1	1	1	1	1	1	1	1	1	1	1	1	1	1	1	1	1	1	 1	1 	1 	1 	1 	1 	1 	1 	1 	1 	1 	1 	1 	1 	1 	1 	1 	1 	1 	1 	1  	1  	1  	1  	1  	1	
1	1	1	1	1	2	2	2	2	2	3	3	3	3	3	4	4	4	4	4	5	5	5	5	5	 6	6 	6 	6 	6 	7 	7 	7 	7 	7 	8 	8 	8 	8 	8 	9 	9 	9 	9 	9 	10	10	10	10	10	11	
1	1	1	1	1	2	2	2	2	2	4	4	4	4	4	6	6	6	6	6	9	9	9	9	9	12	12	12	12	12	16	16	16	16	16	20	20	20	20	20	25	25	25	25	25	30	30	30	30	30	36	
1	1	1	1	1	2	2	2	2	2	4	4	4	4	4	6	6	6	6	6	9	9	9	9	9	13	13	13	13	13	18	18	18	18	18	24	24	24	24	24	31	31	31	31	31	39	39	39	39	39	49	
1	1	1	1	1	2	2	2	2	2	4	4	4	4	4	6	6	6	6	6	9	9	9	9	9	13	13	13	13	13	18	18	18	18	18	24	24	24	24	24	31	31	31	31	31	39	39	39	39	39	50	
